id,name_th,province_th,amcode,pvcode
1001,เขตพระนคร,กรุงเทพมหานคร,01,10
1002,เขตดุสิต,กรุงเทพมหานคร,02,10
1003,เขตหนองจอก,กรุงเทพมหานคร,03,10
1004,เขตบางรัก,กรุงเทพมหานคร,04,10
1005,เขตบางเขน,กรุงเทพมหานคร,05,10
1006,เขตบางกะปิ,กรุงเทพมหานคร,06,10
1007,เขตปทุมวัน,กรุงเทพมหานคร,07,10
1008,เขตป้อมปราบศัตรูพ่าย,กรุงเทพมหานคร,08,10
1009,เขตพระโขนง,กรุงเทพมหานคร,09,10
1010,เขตมีนบุรี,กรุงเทพมหานคร,10,10
1011,เขตลาดกระบัง,กรุงเทพมหานคร,11,10
1012,เขตยานนาวา,กรุงเทพมหานคร,12,10
1013,เขตสัมพันธวงศ์,กรุงเทพมหานคร,13,10
1014,เขตพญาไท,กรุงเทพมหานคร,14,10
1015,เขตธนบุรี,กรุงเทพมหานคร,15,10
1016,เขตบางกอกใหญ่,กรุงเทพมหานคร,16,10
1017,เขตห้วยขวาง,กรุงเทพมหานคร,17,10
1018,เขตคลองสาน,กรุงเทพมหานคร,18,10
1019,เขตตลิ่งชัน,กรุงเทพมหานคร,19,10
1020,เขตบางกอกน้อย,กรุงเทพมหานคร,20,10
1021,เขตบางขุนเทียน,กรุงเทพมหานคร,21,10
1022,เขตภาษีเจริญ,กรุงเทพมหานคร,22,10
1023,เขตหนองแขม,กรุงเทพมหานคร,23,10
1024,เขตราษฎร์บูรณะ,กรุงเทพมหานคร,24,10
1025,เขตบางพลัด,กรุงเทพมหานคร,25,10
1026,เขตดินแดง,กรุงเทพมหานคร,26,10
1027,เขตบึงกุ่ม,กรุงเทพมหานคร,27,10
1028,เขตสาทร,กรุงเทพมหานคร,28,10
1029,เขตบางซื่อ,กรุงเทพมหานคร,29,10
1030,เขตจตุจักร,กรุงเทพมหานคร,30,10
1031,เขตบางคอแหลม,กรุงเทพมหานคร,31,10
1032,เขตประเวศ,กรุงเทพมหานคร,32,10
1033,เขตคลองเตย,กรุงเทพมหานคร,33,10
1034,เขตสวนหลวง,กรุงเทพมหานคร,34,10
1035,เขตจอมทอง,กรุงเทพมหานคร,35,10
1036,เขตดอนเมือง,กรุงเทพมหานคร,36,10
1037,เขตราชเทวี,กรุงเทพมหานคร,37,10
1038,เขตลาดพร้าว,กรุงเทพมหานคร,38,10
1039,เขตวัฒนา,กรุงเทพมหานคร,39,10
1040,เขตบางแค,กรุงเทพมหานคร,40,10
1041,เขตหลักสี่,กรุงเทพมหานคร,41,10
1042,เขตสายไหม,กรุงเทพมหานคร,42,10
1043,เขตคันนายาว,กรุงเทพมหานคร,43,10
1044,เขตสะพานสูง,กรุงเทพมหานคร,44,10
1045,เขตวังทองหลาง,กรุงเทพมหานคร,45,10
1046,เขตคลองสามวา,กรุงเทพมหานคร,46,10
1047,เขตบางนา,กรุงเทพมหานคร,47,10
1048,เขตทวีวัฒนา,กรุงเทพมหานคร,48,10
1049,เขตทุ่งครุ,กรุงเทพมหานคร,49,10
1050,เขตบางบอน,กรุงเทพมหานคร,50,10
1101,อำเภอเมืองสมุทรปราการ,สมุทรปราการ,01,11
1102,อำเภอบางบ่อ,สมุทรปราการ,02,11
1103,อำเภอบางพลี,สมุทรปราการ,03,11
1104,อำเภอพระประแดง,สมุทรปราการ,04,11
1105,อำเภอพระสมุทรเจดีย์,สมุทรปราการ,05,11
1106,อำเภอบางเสาธง,สมุทรปราการ,06,11
1201,อำเภอเมืองนนทบุรี,นนทบุรี,01,12
1202,อำเภอบางกรวย,นนทบุรี,02,12
1203,อำเภอบางใหญ่,นนทบุรี,03,12
1204,อำเภอบางบัวทอง,นนทบุรี,04,12
1205,อำเภอไทรน้อย,นนทบุรี,05,12
1206,อำเภอปากเกร็ด,นนทบุรี,06,12
1301,อำเภอเมืองปทุมธานี,ปทุมธานี,01,13
1302,อำเภอคลองหลวง,ปทุมธานี,02,13
1303,อำเภอธัญบุรี,ปทุมธานี,03,13
1304,อำเภอหนองเสือ,ปทุมธานี,04,13
1305,อำเภอลาดหลุมแก้ว,ปทุมธานี,05,13
1306,อำเภอลำลูกกา,ปทุมธานี,06,13
1307,อำเภอสามโคก,ปทุมธานี,07,13
1401,อำเภอพระนครศรีอยุธยา,พระนครศรีอยุธยา,01,14
1402,อำเภอท่าเรือ,พระนครศรีอยุธยา,02,14
1403,อำเภอนครหลวง,พระนครศรีอยุธยา,03,14
1404,อำเภอบางไทร,พระนครศรีอยุธยา,04,14
1405,อำเภอบางบาล,พระนครศรีอยุธยา,05,14
1406,อำเภอบางปะอิน,พระนครศรีอยุธยา,06,14
1407,อำเภอบางปะหัน,พระนครศรีอยุธยา,07,14
1408,อำเภอผักไห่,พระนครศรีอยุธยา,08,14
1409,อำเภอภาชี,พระนครศรีอยุธยา,09,14
1410,อำเภอลาดบัวหลวง,พระนครศรีอยุธยา,10,14
1411,อำเภอวังน้อย,พระนครศรีอยุธยา,11,14
1412,อำเภอเสนา,พระนครศรีอยุธยา,12,14
1413,อำเภอบางซ้าย,พระนครศรีอยุธยา,13,14
1414,อำเภออุทัย,พระนครศรีอยุธยา,14,14
1415,อำเภอมหาราช,พระนครศรีอยุธยา,15,14
1416,อำเภอบ้านแพรก,พระนครศรีอยุธยา,16,14
1501,อำเภอเมืองอ่างทอง,อ่างทอง,01,15
1502,อำเภอไชโย,อ่างทอง,02,15
1503,อำเภอป่าโมก,อ่างทอง,03,15
1504,อำเภอโพธิ์ทอง,อ่างทอง,04,15
1505,อำเภอแสวงหา,อ่างทอง,05,15
1506,อำเภอวิเศษชัยชาญ,อ่างทอง,06,15
1507,อำเภอสามโก้,อ่างทอง,07,15
1601,อำเภอเมืองลพบุรี,ลพบุรี,01,16
1602,อำเภอพัฒนานิคม,ลพบุรี,02,16
1603,อำเภอโคกสำโรง,ลพบุรี,03,16
1604,อำเภอชัยบาดาล,ลพบุรี,04,16
1605,อำเภอท่าวุ้ง,ลพบุรี,05,16
1606,อำเภอบ้านหมี่,ลพบุรี,06,16
1607,อำเภอท่าหลวง,ลพบุรี,07,16
1608,อำเภอสระโบสถ์,ลพบุรี,08,16
1609,อำเภอโคกเจริญ,ลพบุรี,09,16
1610,อำเภอลำสนธิ,ลพบุรี,10,16
1611,อำเภอหนองม่วง,ลพบุรี,11,16
1701,อำเภอเมืองสิงห์บุรี,สิงห์บุรี,01,17
1702,อำเภอบางระจัน,สิงห์บุรี,02,17
1703,อำเภอค่ายบางระจัน,สิงห์บุรี,03,17
1704,อำเภอพรหมบุรี,สิงห์บุรี,04,17
1705,อำเภอท่าช้าง,สิงห์บุรี,05,17
1706,อำเภออินทร์บุรี,สิงห์บุรี,06,17
1801,อำเภอเมืองชัยนาท,ชัยนาท,01,18
1802,อำเภอมโนรมย์,ชัยนาท,02,18
1803,อำเภอวัดสิงห์,ชัยนาท,03,18
1804,อำเภอสรรพยา,ชัยนาท,04,18
1805,อำเภอสรรคบุรี,ชัยนาท,05,18
1806,อำเภอหันคา,ชัยนาท,06,18
1807,อำเภอหนองมะโมง,ชัยนาท,07,18
1808,อำเภอเนินขาม,ชัยนาท,08,18
1901,อำเภอเมืองสระบุรี,สระบุรี,01,19
1902,อำเภอแก่งคอย,สระบุรี,02,19
1903,อำเภอหนองแค,สระบุรี,03,19
1904,อำเภอวิหารแดง,สระบุรี,04,19
1905,อำเภอหนองแซง,สระบุรี,05,19
1906,อำเภอบ้านหมอ,สระบุรี,06,19
1907,อำเภอดอนพุด,สระบุรี,07,19
1908,อำเภอหนองโดน,สระบุรี,08,19
1909,อำเภอพระพุทธบาท,สระบุรี,09,19
1910,อำเภอเสาไห้,สระบุรี,10,19
1911,อำเภอมวกเหล็ก,สระบุรี,11,19
1912,อำเภอวังม่วง,สระบุรี,12,19
1913,อำเภอเฉลิมพระเกียรติ,สระบุรี,13,19
2001,อำเภอเมืองชลบุรี,ชลบุรี,01,20
2002,อำเภอบ้านบึง,ชลบุรี,02,20
2003,อำเภอหนองใหญ่,ชลบุรี,03,20
2004,อำเภอบางละมุง,ชลบุรี,04,20
2005,อำเภอพานทอง,ชลบุรี,05,20
2006,อำเภอพนัสนิคม,ชลบุรี,06,20
2007,อำเภอศรีราชา,ชลบุรี,07,20
2008,อำเภอเกาะสีชัง,ชลบุรี,08,20
2009,อำเภอสัตหีบ,ชลบุรี,09,20
2010,อำเภอบ่อทอง,ชลบุรี,10,20
2011,อำเภอเกาะจันทร์,ชลบุรี,11,20
2101,อำเภอเมืองระยอง,ระยอง,01,21
2102,อำเภอบ้านฉาง,ระยอง,02,21
2103,อำเภอแกลง,ระยอง,03,21
2104,อำเภอวังจันทร์,ระยอง,04,21
2105,อำเภอบ้านค่าย,ระยอง,05,21
2106,อำเภอปลวกแดง,ระยอง,06,21
2107,อำเภอเขาชะเมา,ระยอง,07,21
2108,อำเภอนิคมพัฒนา,ระยอง,08,21
2201,อำเภอเมืองจันทบุรี,จันทบุรี,01,22
2202,อำเภอขลุง,จันทบุรี,02,22
2203,อำเภอท่าใหม่,จันทบุรี,03,22
2204,อำเภอโป่งน้ำร้อน,จันทบุรี,04,22
2205,อำเภอมะขาม,จันทบุรี,05,22
2206,อำเภอแหลมสิงห์,จันทบุรี,06,22
2207,อำเภอสอยดาว,จันทบุรี,07,22
2208,อำเภอแก่งหางแมว,จันทบุรี,08,22
2209,อำเภอนายายอาม,จันทบุรี,09,22
2210,อำเภอเขาคิชฌกูฏ,จันทบุรี,10,22
2301,อำเภอเมืองตราด,ตราด,01,23
2302,อำเภอคลองใหญ่,ตราด,02,23
2303,อำเภอเขาสมิง,ตราด,03,23
2304,อำเภอบ่อไร่,ตราด,04,23
2305,อำเภอแหลมงอบ,ตราด,05,23
2306,อำเภอเกาะกูด,ตราด,06,23
2307,อำเภอเกาะช้าง,ตราด,07,23
2401,อำเภอเมืองฉะเชิงเทรา,ฉะเชิงเทรา,01,24
2402,อำเภอบางคล้า,ฉะเชิงเทรา,02,24
2403,อำเภอบางน้ำเปรี้ยว,ฉะเชิงเทรา,03,24
2404,อำเภอบางปะกง,ฉะเชิงเทรา,04,24
2405,อำเภอบ้านโพธิ์,ฉะเชิงเทรา,05,24
2406,อำเภอพนมสารคาม,ฉะเชิงเทรา,06,24
2407,อำเภอราชสาส์น,ฉะเชิงเทรา,07,24
2408,อำเภอสนามชัยเขต,ฉะเชิงเทรา,08,24
2409,อำเภอแปลงยาว,ฉะเชิงเทรา,09,24
2410,อำเภอท่าตะเกียบ,ฉะเชิงเทรา,10,24
2411,อำเภอคลองเขื่อน,ฉะเชิงเทรา,11,24
2501,อำเภอเมืองปราจีนบุรี,ปราจีนบุรี,01,25
2502,อำเภอกบินทร์บุรี,ปราจีนบุรี,02,25
2503,อำเภอนาดี,ปราจีนบุรี,03,25
2506,อำเภอบ้านสร้าง,ปราจีนบุรี,06,25
2507,อำเภอประจันตคาม,ปราจีนบุรี,07,25
2508,อำเภอศรีมหาโพธิ,ปราจีนบุรี,08,25
2509,อำเภอศรีมโหสถ,ปราจีนบุรี,09,25
2601,อำเภอเมืองนครนายก,นครนายก,01,26
2602,อำเภอปากพลี,นครนายก,02,26
2603,อำเภอบ้านนา,นครนายก,03,26
2604,อำเภอองครักษ์,นครนายก,04,26
2701,อำเภอเมืองสระแก้ว,สระแก้ว,01,27
2702,อำเภอคลองหาด,สระแก้ว,02,27
2703,อำเภอตาพระยา,สระแก้ว,03,27
2704,อำเภอวังน้ำเย็น,สระแก้ว,04,27
2705,อำเภอวัฒนานคร,สระแก้ว,05,27
2706,อำเภออรัญประเทศ,สระแก้ว,06,27
2707,อำเภอเขาฉกรรจ์,สระแก้ว,07,27
2708,อำเภอโคกสูง,สระแก้ว,08,27
2709,อำเภอวังสมบูรณ์,สระแก้ว,09,27
3001,อำเภอเมืองนครราชสีมา,นครราชสีมา,01,30
3002,อำเภอครบุรี,นครราชสีมา,02,30
3003,อำเภอเสิงสาง,นครราชสีมา,03,30
3004,อำเภอคง,นครราชสีมา,04,30
3005,อำเภอบ้านเหลื่อม,นครราชสีมา,05,30
3006,อำเภอจักราช,นครราชสีมา,06,30
3007,อำเภอโชคชัย,นครราชสีมา,07,30
3008,อำเภอด่านขุนทด,นครราชสีมา,08,30
3009,อำเภอโนนไทย,นครราชสีมา,09,30
3010,อำเภอโนนสูง,นครราชสีมา,10,30
3011,อำเภอขามสะแกแสง,นครราชสีมา,11,30
3012,อำเภอบัวใหญ่,นครราชสีมา,12,30
3013,อำเภอประทาย,นครราชสีมา,13,30
3014,อำเภอปักธงชัย,นครราชสีมา,14,30
3015,อำเภอพิมาย,นครราชสีมา,15,30
3016,อำเภอห้วยแถลง,นครราชสีมา,16,30
3017,อำเภอชุมพวง,นครราชสีมา,17,30
3018,อำเภอสูงเนิน,นครราชสีมา,18,30
3019,อำเภอขามทะเลสอ,นครราชสีมา,19,30
3020,อำเภอสีคิ้ว,นครราชสีมา,20,30
3021,อำเภอปากช่อง,นครราชสีมา,21,30
3022,อำเภอหนองบุญมาก,นครราชสีมา,22,30
3023,อำเภอแก้งสนามนาง,นครราชสีมา,23,30
3024,อำเภอโนนแดง,นครราชสีมา,24,30
3025,อำเภอวังน้ำเขียว,นครราชสีมา,25,30
3026,อำเภอเทพารักษ์,นครราชสีมา,26,30
3027,อำเภอเมืองยาง,นครราชสีมา,27,30
3028,อำเภอพระทองคำ,นครราชสีมา,28,30
3029,อำเภอลำทะเมนชัย,นครราชสีมา,29,30
3030,อำเภอบัวลาย,นครราชสีมา,30,30
3031,อำเภอสีดา,นครราชสีมา,31,30
3032,อำเภอเฉลิมพระเกียรติ,นครราชสีมา,32,30
3101,อำเภอเมืองบุรีรัมย์,บุรีรัมย์,01,31
3102,อำเภอคูเมือง,บุรีรัมย์,02,31
3103,อำเภอกระสัง,บุรีรัมย์,03,31
3104,อำเภอนางรอง,บุรีรัมย์,04,31
3105,อำเภอหนองกี่,บุรีรัมย์,05,31
3106,อำเภอละหานทราย,บุรีรัมย์,06,31
3107,อำเภอประโคนชัย,บุรีรัมย์,07,31
3108,อำเภอบ้านกรวด,บุรีรัมย์,08,31
3109,อำเภอพุทไธสง,บุรีรัมย์,09,31
3110,อำเภอลำปลายมาศ,บุรีรัมย์,10,31
3111,อำเภอสตึก,บุรีรัมย์,11,31
3112,อำเภอปะคำ,บุรีรัมย์,12,31
3113,อำเภอนาโพธิ์,บุรีรัมย์,13,31
3114,อำเภอหนองหงส์,บุรีรัมย์,14,31
3115,อำเภอพลับพลาชัย,บุรีรัมย์,15,31
3116,อำเภอห้วยราช,บุรีรัมย์,16,31
3117,อำเภอโนนสุวรรณ,บุรีรัมย์,17,31
3118,อำเภอชำนิ,บุรีรัมย์,18,31
3119,อำเภอบ้านใหม่ไชยพจน์,บุรีรัมย์,19,31
3120,อำเภอโนนดินแดง,บุรีรัมย์,20,31
3121,อำเภอบ้านด่าน,บุรีรัมย์,21,31
3122,อำเภอแคนดง,บุรีรัมย์,22,31
3123,อำเภอเฉลิมพระเกียรติ,บุรีรัมย์,23,31
3201,อำเภอเมืองสุรินทร์,สุรินทร์,01,32
3202,อำเภอชุมพลบุรี,สุรินทร์,02,32
3203,อำเภอท่าตูม,สุรินทร์,03,32
3204,อำเภอจอมพระ,สุรินทร์,04,32
3205,อำเภอปราสาท,สุรินทร์,05,32
3206,อำเภอกาบเชิง,สุรินทร์,06,32
3207,อำเภอรัตนบุรี,สุรินทร์,07,32
3208,อำเภอสนม,สุรินทร์,08,32
3209,อำเภอศีขรภูมิ,สุรินทร์,09,32
3210,อำเภอสังขะ,สุรินทร์,10,32
3211,อำเภอลำดวน,สุรินทร์,11,32
3212,อำเภอสำโรงทาบ,สุรินทร์,12,32
3213,อำเภอบัวเชด,สุรินทร์,13,32
3214,อำเภอพนมดงรัก,สุรินทร์,14,32
3215,อำเภอศรีณรงค์,สุรินทร์,15,32
3216,อำเภอเขวาสินรินทร์,สุรินทร์,16,32
3217,อำเภอโนนนารายณ์,สุรินทร์,17,32
3301,อำเภอเมืองศรีสะเกษ,ศรีสะเกษ,01,33
3302,อำเภอยางชุมน้อย,ศรีสะเกษ,02,33
3303,อำเภอกันทรารมย์,ศรีสะเกษ,03,33
3304,อำเภอกันทรลักษ์,ศรีสะเกษ,04,33
3305,อำเภอขุขันธ์,ศรีสะเกษ,05,33
3306,อำเภอไพรบึง,ศรีสะเกษ,06,33
3307,อำเภอปรางค์กู่,ศรีสะเกษ,07,33
3308,อำเภอขุนหาญ,ศรีสะเกษ,08,33
3309,อำเภอราษีไศล,ศรีสะเกษ,09,33
3310,อำเภออุทุมพรพิสัย,ศรีสะเกษ,10,33
3311,อำเภอบึงบูรพ์,ศรีสะเกษ,11,33
3312,อำเภอห้วยทับทัน,ศรีสะเกษ,12,33
3313,อำเภอโนนคูณ,ศรีสะเกษ,13,33
3314,อำเภอศรีรัตนะ,ศรีสะเกษ,14,33
3315,อำเภอน้ำเกลี้ยง,ศรีสะเกษ,15,33
3316,อำเภอวังหิน,ศรีสะเกษ,16,33
3317,อำเภอภูสิงห์,ศรีสะเกษ,17,33
3318,อำเภอเมืองจันทร์,ศรีสะเกษ,18,33
3319,อำเภอเบญจลักษ์,ศรีสะเกษ,19,33
3320,อำเภอพยุห์,ศรีสะเกษ,20,33
3321,อำเภอโพธิ์ศรีสุวรรณ,ศรีสะเกษ,21,33
3322,อำเภอศิลาลาด,ศรีสะเกษ,22,33
3401,อำเภอเมืองอุบลราชธานี,อุบลราชธานี,01,34
3402,อำเภอศรีเมืองใหม่,อุบลราชธานี,02,34
3403,อำเภอโขงเจียม,อุบลราชธานี,03,34
3404,อำเภอเขื่องใน,อุบลราชธานี,04,34
3405,อำเภอเขมราฐ,อุบลราชธานี,05,34
3407,อำเภอเดชอุดม,อุบลราชธานี,07,34
3408,อำเภอนาจะหลวย,อุบลราชธานี,08,34
3409,อำเภอน้ำยืน,อุบลราชธานี,09,34
3410,อำเภอบุณฑริก,อุบลราชธานี,10,34
3411,อำเภอตระการพืชผล,อุบลราชธานี,11,34
3412,อำเภอกุดข้าวปุ้น,อุบลราชธานี,12,34
3414,อำเภอม่วงสามสิบ,อุบลราชธานี,14,34
3415,อำเภอวารินชำราบ,อุบลราชธานี,15,34
3419,อำเภอพิบูลมังสาหาร,อุบลราชธานี,19,34
3420,อำเภอตาลสุม,อุบลราชธานี,20,34
3421,อำเภอโพธิ์ไทร,อุบลราชธานี,21,34
3422,อำเภอสำโรง,อุบลราชธานี,22,34
3424,อำเภอดอนมดแดง,อุบลราชธานี,24,34
3425,อำเภอสิรินธร,อุบลราชธานี,25,34
3426,อำเภอทุ่งศรีอุดม,อุบลราชธานี,26,34
3429,อำเภอนาเยีย,อุบลราชธานี,29,34
3430,อำเภอนาตาล,อุบลราชธานี,30,34
3431,อำเภอเหล่าเสือโก้ก,อุบลราชธานี,31,34
3432,อำเภอสว่างวีระวงศ์,อุบลราชธานี,32,34
3433,อำเภอน้ำขุ่น,อุบลราชธานี,33,34
3501,อำเภอเมืองยโสธร,ยโสธร,01,35
3502,อำเภอทรายมูล,ยโสธร,02,35
3503,อำเภอกุดชุม,ยโสธร,03,35
3504,อำเภอคำเขื่อนแก้ว,ยโสธร,04,35
3505,อำเภอป่าติ้ว,ยโสธร,05,35
3506,อำเภอมหาชนะชัย,ยโสธร,06,35
3507,อำเภอค้อวัง,ยโสธร,07,35
3508,อำเภอเลิงนกทา,ยโสธร,08,35
3509,อำเภอไทยเจริญ,ยโสธร,09,35
3601,อำเภอเมืองชัยภูมิ,ชัยภูมิ,01,36
3602,อำเภอบ้านเขว้า,ชัยภูมิ,02,36
3603,อำเภอคอนสวรรค์,ชัยภูมิ,03,36
3604,อำเภอเกษตรสมบูรณ์,ชัยภูมิ,04,36
3605,อำเภอหนองบัวแดง,ชัยภูมิ,05,36
3606,อำเภอจัตุรัส,ชัยภูมิ,06,36
3607,อำเภอบำเหน็จณรงค์,ชัยภูมิ,07,36
3608,อำเภอหนองบัวระเหว,ชัยภูมิ,08,36
3609,อำเภอเทพสถิต,ชัยภูมิ,09,36
3610,อำเภอภูเขียว,ชัยภูมิ,10,36
3611,อำเภอบ้านแท่น,ชัยภูมิ,11,36
3612,อำเภอแก้งคร้อ,ชัยภูมิ,12,36
3613,อำเภอคอนสาร,ชัยภูมิ,13,36
3614,อำเภอภักดีชุมพล,ชัยภูมิ,14,36
3615,อำเภอเนินสง่า,ชัยภูมิ,15,36
3616,อำเภอซับใหญ่,ชัยภูมิ,16,36
3701,อำเภอเมืองอำนาจเจริญ,อำนาจเจริญ,01,37
3702,อำเภอชานุมาน,อำนาจเจริญ,02,37
3703,อำเภอปทุมราชวงศา,อำนาจเจริญ,03,37
3704,อำเภอพนา,อำนาจเจริญ,04,37
3705,อำเภอเสนางคนิคม,อำนาจเจริญ,05,37
3706,อำเภอหัวตะพาน,อำนาจเจริญ,06,37
3707,อำเภอลืออำนาจ,อำนาจเจริญ,07,37
3801,อำเภอเมืองบึงกาฬ,บึงกาฬ,01,38
3802,อำเภอพรเจริญ,บึงกาฬ,02,38
3803,อำเภอโซ่พิสัย,บึงกาฬ,03,38
3804,อำเภอเซกา,บึงกาฬ,04,38
3805,อำเภอปากคาด,บึงกาฬ,05,38
3806,อำเภอบึงโขงหลง,บึงกาฬ,06,38
3807,อำเภอศรีวิไล,บึงกาฬ,07,38
3808,อำเภอบุ่งคล้า,บึงกาฬ,08,38
3901,อำเภอเมืองหนองบัวลำภู,หนองบัวลำภู,01,39
3902,อำเภอนากลาง,หนองบัวลำภู,02,39
3903,อำเภอโนนสัง,หนองบัวลำภู,03,39
3904,อำเภอศรีบุญเรือง,หนองบัวลำภู,04,39
3905,อำเภอสุวรรณคูหา,หนองบัวลำภู,05,39
3906,อำเภอนาวัง,หนองบัวลำภู,06,39
4001,อำเภอเมืองขอนแก่น,ขอนแก่น,01,40
4002,อำเภอบ้านฝาง,ขอนแก่น,02,40
4003,อำเภอพระยืน,ขอนแก่น,03,40
4004,อำเภอหนองเรือ,ขอนแก่น,04,40
4005,อำเภอชุมแพ,ขอนแก่น,05,40
4006,อำเภอสีชมพู,ขอนแก่น,06,40
4007,อำเภอน้ำพอง,ขอนแก่น,07,40
4008,อำเภออุบลรัตน์,ขอนแก่น,08,40
4009,อำเภอกระนวน,ขอนแก่น,09,40
4010,อำเภอบ้านไผ่,ขอนแก่น,10,40
4011,อำเภอเปือยน้อย,ขอนแก่น,11,40
4012,อำเภอพล,ขอนแก่น,12,40
4013,อำเภอแวงใหญ่,ขอนแก่น,13,40
4014,อำเภอแวงน้อย,ขอนแก่น,14,40
4015,อำเภอหนองสองห้อง,ขอนแก่น,15,40
4016,อำเภอภูเวียง,ขอนแก่น,16,40
4017,อำเภอมัญจาคีรี,ขอนแก่น,17,40
4018,อำเภอชนบท,ขอนแก่น,18,40
4019,อำเภอเขาสวนกวาง,ขอนแก่น,19,40
4020,อำเภอภูผาม่าน,ขอนแก่น,20,40
4021,อำเภอซำสูง,ขอนแก่น,21,40
4022,อำเภอโคกโพธิ์ไชย,ขอนแก่น,22,40
4023,อำเภอหนองนาคำ,ขอนแก่น,23,40
4024,อำเภอบ้านแฮด,ขอนแก่น,24,40
4025,อำเภอโนนศิลา,ขอนแก่น,25,40
4029,อำเภอเวียงเก่า,ขอนแก่น,29,40
4101,อำเภอเมืองอุดรธานี,อุดรธานี,01,41
4102,อำเภอกุดจับ,อุดรธานี,02,41
4103,อำเภอหนองวัวซอ,อุดรธานี,03,41
4104,อำเภอกุมภวาปี,อุดรธานี,04,41
4105,อำเภอโนนสะอาด,อุดรธานี,05,41
4106,อำเภอหนองหาน,อุดรธานี,06,41
4107,อำเภอทุ่งฝน,อุดรธานี,07,41
4108,อำเภอไชยวาน,อุดรธานี,08,41
4109,อำเภอศรีธาตุ,อุดรธานี,09,41
4110,อำเภอวังสามหมอ,อุดรธานี,10,41
4111,อำเภอบ้านดุง,อุดรธานี,11,41
4117,อำเภอบ้านผือ,อุดรธานี,17,41
4118,อำเภอน้ำโสม,อุดรธานี,18,41
4119,อำเภอเพ็ญ,อุดรธานี,19,41
4120,อำเภอสร้างคอม,อุดรธานี,20,41
4121,อำเภอหนองแสง,อุดรธานี,21,41
4122,อำเภอนายูง,อุดรธานี,22,41
4123,อำเภอพิบูลย์รักษ์,อุดรธานี,23,41
4124,อำเภอกู่แก้ว,อุดรธานี,24,41
4125,อำเภอประจักษ์ศิลปาคม,อุดรธานี,25,41
4201,อำเภอเมืองเลย,เลย,01,42
4202,อำเภอนาด้วง,เลย,02,42
4203,อำเภอเชียงคาน,เลย,03,42
4204,อำเภอปากชม,เลย,04,42
4205,อำเภอด่านซ้าย,เลย,05,42
4206,อำเภอนาแห้ว,เลย,06,42
4207,อำเภอภูเรือ,เลย,07,42
4208,อำเภอท่าลี่,เลย,08,42
4209,อำเภอวังสะพุง,เลย,09,42
4210,อำเภอภูกระดึง,เลย,10,42
4211,อำเภอภูหลวง,เลย,11,42
4212,อำเภอผาขาว,เลย,12,42
4213,อำเภอเอราวัณ,เลย,13,42
4214,อำเภอหนองหิน,เลย,14,42
4301,อำเภอเมืองหนองคาย,หนองคาย,01,43
4302,อำเภอท่าบ่อ,หนองคาย,02,43
4305,อำเภอโพนพิสัย,หนองคาย,05,43
4307,อำเภอศรีเชียงใหม่,หนองคาย,07,43
4308,อำเภอสังคม,หนองคาย,08,43
4314,อำเภอสระใคร,หนองคาย,14,43
4315,อำเภอเฝ้าไร่,หนองคาย,15,43
4316,อำเภอรัตนวาปี,หนองคาย,16,43
4317,อำเภอโพธิ์ตาก,หนองคาย,17,43
4401,อำเภอเมืองมหาสารคาม,มหาสารคาม,01,44
4402,อำเภอแกดำ,มหาสารคาม,02,44
4403,อำเภอโกสุมพิสัย,มหาสารคาม,03,44
4404,อำเภอกันทรวิชัย,มหาสารคาม,04,44
4405,อำเภอเชียงยืน,มหาสารคาม,05,44
4406,อำเภอบรบือ,มหาสารคาม,06,44
4407,อำเภอนาเชือก,มหาสารคาม,07,44
4408,อำเภอพยัคฆภูมิพิสัย,มหาสารคาม,08,44
4409,อำเภอวาปีปทุม,มหาสารคาม,09,44
4410,อำเภอนาดูน,มหาสารคาม,10,44
4411,อำเภอยางสีสุราช,มหาสารคาม,11,44
4412,อำเภอกุดรัง,มหาสารคาม,12,44
4413,อำเภอชื่นชม,มหาสารคาม,13,44
4501,อำเภอเมืองร้อยเอ็ด,ร้อยเอ็ด,01,45
4502,อำเภอเกษตรวิสัย,ร้อยเอ็ด,02,45
4503,อำเภอปทุมรัตต์,ร้อยเอ็ด,03,45
4504,อำเภอจตุรพักตรพิมาน,ร้อยเอ็ด,04,45
4505,อำเภอธวัชบุรี,ร้อยเอ็ด,05,45
4506,อำเภอพนมไพร,ร้อยเอ็ด,06,45
4507,อำเภอโพนทอง,ร้อยเอ็ด,07,45
4508,อำเภอโพธิ์ชัย,ร้อยเอ็ด,08,45
4509,อำเภอหนองพอก,ร้อยเอ็ด,09,45
4510,อำเภอเสลภูมิ,ร้อยเอ็ด,10,45
4511,อำเภอสุวรรณภูมิ,ร้อยเอ็ด,11,45
4512,อำเภอเมืองสรวง,ร้อยเอ็ด,12,45
4513,อำเภอโพนทราย,ร้อยเอ็ด,13,45
4514,อำเภออาจสามารถ,ร้อยเอ็ด,14,45
4515,อำเภอเมยวดี,ร้อยเอ็ด,15,45
4516,อำเภอศรีสมเด็จ,ร้อยเอ็ด,16,45
4517,อำเภอจังหาร,ร้อยเอ็ด,17,45
4518,อำเภอเชียงขวัญ,ร้อยเอ็ด,18,45
4519,อำเภอหนองฮี,ร้อยเอ็ด,19,45
4520,อำเภอทุ่งเขาหลวง,ร้อยเอ็ด,20,45
4601,อำเภอเมืองกาฬสินธุ์,กาฬสินธุ์,01,46
4602,อำเภอนามน,กาฬสินธุ์,02,46
4603,อำเภอกมลาไสย,กาฬสินธุ์,03,46
4604,อำเภอร่องคำ,กาฬสินธุ์,04,46
4605,อำเภอกุฉินารายณ์,กาฬสินธุ์,05,46
4606,อำเภอเขาวง,กาฬสินธุ์,06,46
4607,อำเภอยางตลาด,กาฬสินธุ์,07,46
4608,อำเภอห้วยเม็ก,กาฬสินธุ์,08,46
4609,อำเภอสหัสขันธ์,กาฬสินธุ์,09,46
4610,อำเภอคำม่วง,กาฬสินธุ์,10,46
4611,อำเภอท่าคันโท,กาฬสินธุ์,11,46
4612,อำเภอหนองกุงศรี,กาฬสินธุ์,12,46
4613,อำเภอสมเด็จ,กาฬสินธุ์,13,46
4614,อำเภอห้วยผึ้ง,กาฬสินธุ์,14,46
4615,อำเภอสามชัย,กาฬสินธุ์,15,46
4616,อำเภอนาคู,กาฬสินธุ์,16,46
4617,อำเภอดอนจาน,กาฬสินธุ์,17,46
4618,อำเภอฆ้องชัย,กาฬสินธุ์,18,46
4701,อำเภอเมืองสกลนคร,สกลนคร,01,47
4702,อำเภอกุสุมาลย์,สกลนคร,02,47
4703,อำเภอกุดบาก,สกลนคร,03,47
4704,อำเภอพรรณานิคม,สกลนคร,04,47
4705,อำเภอพังโคน,สกลนคร,05,47
4706,อำเภอวาริชภูมิ,สกลนคร,06,47
4707,อำเภอนิคมน้ำอูน,สกลนคร,07,47
4708,อำเภอวานรนิวาส,สกลนคร,08,47
4709,อำเภอคำตากล้า,สกลนคร,09,47
4710,อำเภอบ้านม่วง,สกลนคร,10,47
4711,อำเภออากาศอำนวย,สกลนคร,11,47
4712,อำเภอสว่างแดนดิน,สกลนคร,12,47
4713,อำเภอส่องดาว,สกลนคร,13,47
4714,อำเภอเต่างอย,สกลนคร,14,47
4715,อำเภอโคกศรีสุพรรณ,สกลนคร,15,47
4716,อำเภอเจริญศิลป์,สกลนคร,16,47
4717,อำเภอโพนนาแก้ว,สกลนคร,17,47
4718,อำเภอภูพาน,สกลนคร,18,47
4801,อำเภอเมืองนครพนม,นครพนม,01,48
4802,อำเภอปลาปาก,นครพนม,02,48
4803,อำเภอท่าอุเทน,นครพนม,03,48
4804,อำเภอบ้านแพง,นครพนม,04,48
4805,อำเภอธาตุพนม,นครพนม,05,48
4806,อำเภอเรณูนคร,นครพนม,06,48
4807,อำเภอนาแก,นครพนม,07,48
4808,อำเภอศรีสงคราม,นครพนม,08,48
4809,อำเภอนาหว้า,นครพนม,09,48
4810,อำเภอโพนสวรรค์,นครพนม,10,48
4811,อำเภอนาทม,นครพนม,11,48
4812,อำเภอวังยาง,นครพนม,12,48
4901,อำเภอเมืองมุกดาหาร,มุกดาหาร,01,49
4902,อำเภอนิคมคำสร้อย,มุกดาหาร,02,49
4903,อำเภอดอนตาล,มุกดาหาร,03,49
4904,อำเภอดงหลวง,มุกดาหาร,04,49
4905,อำเภอคำชะอี,มุกดาหาร,05,49
4906,อำเภอหว้านใหญ่,มุกดาหาร,06,49
4907,อำเภอหนองสูง,มุกดาหาร,07,49
5001,อำเภอเมืองเชียงใหม่,เชียงใหม่,01,50
5002,อำเภอจอมทอง,เชียงใหม่,02,50
5003,อำเภอแม่แจ่ม,เชียงใหม่,03,50
5004,อำเภอเชียงดาว,เชียงใหม่,04,50
5005,อำเภอดอยสะเก็ด,เชียงใหม่,05,50
5006,อำเภอแม่แตง,เชียงใหม่,06,50
5007,อำเภอแม่ริม,เชียงใหม่,07,50
5008,อำเภอสะเมิง,เชียงใหม่,08,50
5009,อำเภอฝาง,เชียงใหม่,09,50
5010,อำเภอแม่อาย,เชียงใหม่,10,50
5011,อำเภอพร้าว,เชียงใหม่,11,50
5012,อำเภอสันป่าตอง,เชียงใหม่,12,50
5013,อำเภอสันกำแพง,เชียงใหม่,13,50
5014,อำเภอสันทราย,เชียงใหม่,14,50
5015,อำเภอหางดง,เชียงใหม่,15,50
5016,อำเภอฮอด,เชียงใหม่,16,50
5017,อำเภอดอยเต่า,เชียงใหม่,17,50
5018,อำเภออมก๋อย,เชียงใหม่,18,50
5019,อำเภอสารภี,เชียงใหม่,19,50
5020,อำเภอเวียงแหง,เชียงใหม่,20,50
5021,อำเภอไชยปราการ,เชียงใหม่,21,50
5022,อำเภอแม่วาง,เชียงใหม่,22,50
5023,อำเภอแม่ออน,เชียงใหม่,23,50
5024,อำเภอดอยหล่อ,เชียงใหม่,24,50
5025,อำเภอกัลยาณิวัฒนา,เชียงใหม่,25,50
5101,อำเภอเมืองลำพูน,ลำพูน,01,51
5102,อำเภอแม่ทา,ลำพูน,02,51
5103,อำเภอบ้านโฮ่ง,ลำพูน,03,51
5104,อำเภอลี้,ลำพูน,04,51
5105,อำเภอทุ่งหัวช้าง,ลำพูน,05,51
5106,อำเภอป่าซาง,ลำพูน,06,51
5107,อำเภอบ้านธิ,ลำพูน,07,51
5108,อำเภอเวียงหนองล่อง,ลำพูน,08,51
5201,อำเภอเมืองลำปาง,ลำปาง,01,52
5202,อำเภอแม่เมาะ,ลำปาง,02,52
5203,อำเภอเกาะคา,ลำปาง,03,52
5204,อำเภอเสริมงาม,ลำปาง,04,52
5205,อำเภองาว,ลำปาง,05,52
5206,อำเภอแจ้ห่ม,ลำปาง,06,52
5207,อำเภอวังเหนือ,ลำปาง,07,52
5208,อำเภอเถิน,ลำปาง,08,52
5209,อำเภอแม่พริก,ลำปาง,09,52
5210,อำเภอแม่ทะ,ลำปาง,10,52
5211,อำเภอสบปราบ,ลำปาง,11,52
5212,อำเภอห้างฉัตร,ลำปาง,12,52
5213,อำเภอเมืองปาน,ลำปาง,13,52
5301,อำเภอเมืองอุตรดิตถ์,อุตรดิตถ์,01,53
5302,อำเภอตรอน,อุตรดิตถ์,02,53
5303,อำเภอท่าปลา,อุตรดิตถ์,03,53
5304,อำเภอน้ำปาด,อุตรดิตถ์,04,53
5305,อำเภอฟากท่า,อุตรดิตถ์,05,53
5306,อำเภอบ้านโคก,อุตรดิตถ์,06,53
5307,อำเภอพิชัย,อุตรดิตถ์,07,53
5308,อำเภอลับแล,อุตรดิตถ์,08,53
5309,อำเภอทองแสนขัน,อุตรดิตถ์,09,53
5401,อำเภอเมืองแพร่,แพร่,01,54
5402,อำเภอร้องกวาง,แพร่,02,54
5403,อำเภอลอง,แพร่,03,54
5404,อำเภอสูงเม่น,แพร่,04,54
5405,อำเภอเด่นชัย,แพร่,05,54
5406,อำเภอสอง,แพร่,06,54
5407,อำเภอวังชิ้น,แพร่,07,54
5408,อำเภอหนองม่วงไข่,แพร่,08,54
5501,อำเภอเมืองน่าน,น่าน,01,55
5502,อำเภอแม่จริม,น่าน,02,55
5503,อำเภอบ้านหลวง,น่าน,03,55
5504,อำเภอนาน้อย,น่าน,04,55
5505,อำเภอปัว,น่าน,05,55
5506,อำเภอท่าวังผา,น่าน,06,55
5507,อำเภอเวียงสา,น่าน,07,55
5508,อำเภอทุ่งช้าง,น่าน,08,55
5509,อำเภอเชียงกลาง,น่าน,09,55
5510,อำเภอนาหมื่น,น่าน,10,55
5511,อำเภอสันติสุข,น่าน,11,55
5512,อำเภอบ่อเกลือ,น่าน,12,55
5513,อำเภอสองแคว,น่าน,13,55
5514,อำเภอภูเพียง,น่าน,14,55
5515,อำเภอเฉลิมพระเกียรติ,น่าน,15,55
5601,อำเภอเมืองพะเยา,พะเยา,01,56
5602,อำเภอจุน,พะเยา,02,56
5603,อำเภอเชียงคำ,พะเยา,03,56
5604,อำเภอเชียงม่วน,พะเยา,04,56
5605,อำเภอดอกคำใต้,พะเยา,05,56
5606,อำเภอปง,พะเยา,06,56
5607,อำเภอแม่ใจ,พะเยา,07,56
5608,อำเภอภูซาง,พะเยา,08,56
5609,อำเภอภูกามยาว,พะเยา,09,56
5701,อำเภอเมืองเชียงราย,เชียงราย,01,57
5702,อำเภอเวียงชัย,เชียงราย,02,57
5703,อำเภอเชียงของ,เชียงราย,03,57
5704,อำเภอเทิง,เชียงราย,04,57
5705,อำเภอพาน,เชียงราย,05,57
5706,อำเภอป่าแดด,เชียงราย,06,57
5707,อำเภอแม่จัน,เชียงราย,07,57
5708,อำเภอเชียงแสน,เชียงราย,08,57
5709,อำเภอแม่สาย,เชียงราย,09,57
5710,อำเภอแม่สรวย,เชียงราย,10,57
5711,อำเภอเวียงป่าเป้า,เชียงราย,11,57
5712,อำเภอพญาเม็งราย,เชียงราย,12,57
5713,อำเภอเวียงแก่น,เชียงราย,13,57
5714,อำเภอขุนตาล,เชียงราย,14,57
5715,อำเภอแม่ฟ้าหลวง,เชียงราย,15,57
5716,อำเภอแม่ลาว,เชียงราย,16,57
5717,อำเภอเวียงเชียงรุ้ง,เชียงราย,17,57
5718,อำเภอดอยหลวง,เชียงราย,18,57
5801,อำเภอเมืองแม่ฮ่องสอน,แม่ฮ่องสอน,01,58
5802,อำเภอขุนยวม,แม่ฮ่องสอน,02,58
5803,อำเภอปาย,แม่ฮ่องสอน,03,58
5804,อำเภอแม่สะเรียง,แม่ฮ่องสอน,04,58
5805,อำเภอแม่ลาน้อย,แม่ฮ่องสอน,05,58
5806,อำเภอสบเมย,แม่ฮ่องสอน,06,58
5807,อำเภอปางมะผ้า,แม่ฮ่องสอน,07,58
6001,อำเภอเมืองนครสวรรค์,นครสวรรค์,01,60
6002,อำเภอโกรกพระ,นครสวรรค์,02,60
6003,อำเภอชุมแสง,นครสวรรค์,03,60
6004,อำเภอหนองบัว,นครสวรรค์,04,60
6005,อำเภอบรรพตพิสัย,นครสวรรค์,05,60
6006,อำเภอเก้าเลี้ยว,นครสวรรค์,06,60
6007,อำเภอตาคลี,นครสวรรค์,07,60
6008,อำเภอท่าตะโก,นครสวรรค์,08,60
6009,อำเภอไพศาลี,นครสวรรค์,09,60
6010,อำเภอพยุหะคีรี,นครสวรรค์,10,60
6011,อำเภอลาดยาว,นครสวรรค์,11,60
6012,อำเภอตากฟ้า,นครสวรรค์,12,60
6013,อำเภอแม่วงก์,นครสวรรค์,13,60
6014,อำเภอแม่เปิน,นครสวรรค์,14,60
6015,อำเภอชุมตาบง,นครสวรรค์,15,60
6101,อำเภอเมืองอุทัยธานี,อุทัยธานี,01,61
6102,อำเภอทัพทัน,อุทัยธานี,02,61
6103,อำเภอสว่างอารมณ์,อุทัยธานี,03,61
6104,อำเภอหนองฉาง,อุทัยธานี,04,61
6105,อำเภอหนองขาหย่าง,อุทัยธานี,05,61
6106,อำเภอบ้านไร่,อุทัยธานี,06,61
6107,อำเภอลานสัก,อุทัยธานี,07,61
6108,อำเภอห้วยคต,อุทัยธานี,08,61
6201,อำเภอเมืองกำแพงเพชร,กำแพงเพชร,01,62
6202,อำเภอไทรงาม,กำแพงเพชร,02,62
6203,อำเภอคลองลาน,กำแพงเพชร,03,62
6204,อำเภอขาณุวรลักษบุรี,กำแพงเพชร,04,62
6205,อำเภอคลองขลุง,กำแพงเพชร,05,62
6206,อำเภอพรานกระต่าย,กำแพงเพชร,06,62
6207,อำเภอลานกระบือ,กำแพงเพชร,07,62
6208,อำเภอทรายทองวัฒนา,กำแพงเพชร,08,62
6209,อำเภอปางศิลาทอง,กำแพงเพชร,09,62
6210,อำเภอบึงสามัคคี,กำแพงเพชร,10,62
6211,อำเภอโกสัมพีนคร,กำแพงเพชร,11,62
6301,อำเภอเมืองตาก,ตาก,01,63
6302,อำเภอบ้านตาก,ตาก,02,63
6303,อำเภอสามเงา,ตาก,03,63
6304,อำเภอแม่ระมาด,ตาก,04,63
6305,อำเภอท่าสองยาง,ตาก,05,63
6306,อำเภอแม่สอด,ตาก,06,63
6307,อำเภอพบพระ,ตาก,07,63
6308,อำเภออุ้มผาง,ตาก,08,63
6309,อำเภอวังเจ้า,ตาก,09,63
6401,อำเภอเมืองสุโขทัย,สุโขทัย,01,64
6402,อำเภอบ้านด่านลานหอย,สุโขทัย,02,64
6403,อำเภอคีรีมาศ,สุโขทัย,03,64
6404,อำเภอกงไกรลาศ,สุโขทัย,04,64
6405,อำเภอศรีสัชนาลัย,สุโขทัย,05,64
6406,อำเภอศรีสำโรง,สุโขทัย,06,64
6407,อำเภอสวรรคโลก,สุโขทัย,07,64
6408,อำเภอศรีนคร,สุโขทัย,08,64
6409,อำเภอทุ่งเสลี่ยม,สุโขทัย,09,64
6501,อำเภอเมืองพิษณุโลก,พิษณุโลก,01,65
6502,อำเภอนครไทย,พิษณุโลก,02,65
6503,อำเภอชาติตระการ,พิษณุโลก,03,65
6504,อำเภอบางระกำ,พิษณุโลก,04,65
6505,อำเภอบางกระทุ่ม,พิษณุโลก,05,65
6506,อำเภอพรหมพิราม,พิษณุโลก,06,65
6507,อำเภอวัดโบสถ์,พิษณุโลก,07,65
6508,อำเภอวังทอง,พิษณุโลก,08,65
6509,อำเภอเนินมะปราง,พิษณุโลก,09,65
6601,อำเภอเมืองพิจิตร,พิจิตร,01,66
6602,อำเภอวังทรายพูน,พิจิตร,02,66
6603,อำเภอโพธิ์ประทับช้าง,พิจิตร,03,66
6604,อำเภอตะพานหิน,พิจิตร,04,66
6605,อำเภอบางมูลนาก,พิจิตร,05,66
6606,อำเภอโพทะเล,พิจิตร,06,66
6607,อำเภอสามง่าม,พิจิตร,07,66
6608,อำเภอทับคล้อ,พิจิตร,08,66
6609,อำเภอสากเหล็ก,พิจิตร,09,66
6610,อำเภอบึงนาราง,พิจิตร,10,66
6611,อำเภอดงเจริญ,พิจิตร,11,66
6612,อำเภอวชิรบารมี,พิจิตร,12,66
6701,อำเภอเมืองเพชรบูรณ์,เพชรบูรณ์,01,67
6702,อำเภอชนแดน,เพชรบูรณ์,02,67
6703,อำเภอหล่มสัก,เพชรบูรณ์,03,67
6704,อำเภอหล่มเก่า,เพชรบูรณ์,04,67
6705,อำเภอวิเชียรบุรี,เพชรบูรณ์,05,67
6706,อำเภอศรีเทพ,เพชรบูรณ์,06,67
6707,อำเภอหนองไผ่,เพชรบูรณ์,07,67
6708,อำเภอบึงสามพัน,เพชรบูรณ์,08,67
6709,อำเภอน้ำหนาว,เพชรบูรณ์,09,67
6710,อำเภอวังโป่ง,เพชรบูรณ์,10,67
6711,อำเภอเขาค้อ,เพชรบูรณ์,11,67
7001,อำเภอเมืองราชบุรี,ราชบุรี,01,70
7002,อำเภอจอมบึง,ราชบุรี,02,70
7003,อำเภอสวนผึ้ง,ราชบุรี,03,70
7004,อำเภอดำเนินสะดวก,ราชบุรี,04,70
7005,อำเภอบ้านโป่ง,ราชบุรี,05,70
7006,อำเภอบางแพ,ราชบุรี,06,70
7007,อำเภอโพธาราม,ราชบุรี,07,70
7008,อำเภอปากท่อ,ราชบุรี,08,70
7009,อำเภอวัดเพลง,ราชบุรี,09,70
7010,อำเภอบ้านคา,ราชบุรี,10,70
7101,อำเภอเมืองกาญจนบุรี,กาญจนบุรี,01,71
7102,อำเภอไทรโยค,กาญจนบุรี,02,71
7103,อำเภอบ่อพลอย,กาญจนบุรี,03,71
7104,อำเภอศรีสวัสดิ์,กาญจนบุรี,04,71
7105,อำเภอท่ามะกา,กาญจนบุรี,05,71
7106,อำเภอท่าม่วง,กาญจนบุรี,06,71
7107,อำเภอทองผาภูมิ,กาญจนบุรี,07,71
7108,อำเภอสังขละบุรี,กาญจนบุรี,08,71
7109,อำเภอพนมทวน,กาญจนบุรี,09,71
7110,อำเภอเลาขวัญ,กาญจนบุรี,10,71
7111,อำเภอด่านมะขามเตี้ย,กาญจนบุรี,11,71
7112,อำเภอหนองปรือ,กาญจนบุรี,12,71
7113,อำเภอห้วยกระเจา,กาญจนบุรี,13,71
7201,อำเภอเมืองสุพรรณบุรี,สุพรรณบุรี,01,72
7202,อำเภอเดิมบางนางบวช,สุพรรณบุรี,02,72
7203,อำเภอด่านช้าง,สุพรรณบุรี,03,72
7204,อำเภอบางปลาม้า,สุพรรณบุรี,04,72
7205,อำเภอศรีประจันต์,สุพรรณบุรี,05,72
7206,อำเภอดอนเจดีย์,สุพรรณบุรี,06,72
7207,อำเภอสองพี่น้อง,สุพรรณบุรี,07,72
7208,อำเภอสามชุก,สุพรรณบุรี,08,72
7209,อำเภออู่ทอง,สุพรรณบุรี,09,72
7210,อำเภอหนองหญ้าไซ,สุพรรณบุรี,10,72
7301,อำเภอเมืองนครปฐม,นครปฐม,01,73
7302,อำเภอกำแพงแสน,นครปฐม,02,73
7303,อำเภอนครชัยศรี,นครปฐม,03,73
7304,อำเภอดอนตูม,นครปฐม,04,73
7305,อำเภอบางเลน,นครปฐม,05,73
7306,อำเภอสามพราน,นครปฐม,06,73
7307,อำเภอพุทธมณฑล,นครปฐม,07,73
7401,อำเภอเมืองสมุทรสาคร,สมุทรสาคร,01,74
7402,อำเภอกระทุ่มแบน,สมุทรสาคร,02,74
7403,อำเภอบ้านแพ้ว,สมุทรสาคร,03,74
7501,อำเภอเมืองสมุทรสงคราม,สมุทรสงคราม,01,75
7502,อำเภอบางคนที,สมุทรสงคราม,02,75
7503,อำเภออัมพวา,สมุทรสงคราม,03,75
7601,อำเภอเมืองเพชรบุรี,เพชรบุรี,01,76
7602,อำเภอเขาย้อย,เพชรบุรี,02,76
7603,อำเภอหนองหญ้าปล้อง,เพชรบุรี,03,76
7604,อำเภอชะอำ,เพชรบุรี,04,76
7605,อำเภอท่ายาง,เพชรบุรี,05,76
7606,อำเภอบ้านลาด,เพชรบุรี,06,76
7607,อำเภอบ้านแหลม,เพชรบุรี,07,76
7608,อำเภอแก่งกระจาน,เพชรบุรี,08,76
7701,อำเภอเมืองประจวบคีรีขันธ์,ประจวบคีรีขันธ์,01,77
7702,อำเภอกุยบุรี,ประจวบคีรีขันธ์,02,77
7703,อำเภอทับสะแก,ประจวบคีรีขันธ์,03,77
7704,อำเภอบางสะพาน,ประจวบคีรีขันธ์,04,77
7705,อำเภอบางสะพานน้อย,ประจวบคีรีขันธ์,05,77
7706,อำเภอปราณบุรี,ประจวบคีรีขันธ์,06,77
7707,อำเภอหัวหิน,ประจวบคีรีขันธ์,07,77
7708,อำเภอสามร้อยยอด,ประจวบคีรีขันธ์,08,77
8001,อำเภอเมืองนครศรีธรรมราช,นครศรีธรรมราช,01,80
8002,อำเภอพรหมคีรี,นครศรีธรรมราช,02,80
8003,อำเภอลานสกา,นครศรีธรรมราช,03,80
8004,อำเภอฉวาง,นครศรีธรรมราช,04,80
8005,อำเภอพิปูน,นครศรีธรรมราช,05,80
8006,อำเภอเชียรใหญ่,นครศรีธรรมราช,06,80
8007,อำเภอชะอวด,นครศรีธรรมราช,07,80
8008,อำเภอท่าศาลา,นครศรีธรรมราช,08,80
8009,อำเภอทุ่งสง,นครศรีธรรมราช,09,80
8010,อำเภอนาบอน,นครศรีธรรมราช,10,80
8011,อำเภอทุ่งใหญ่,นครศรีธรรมราช,11,80
8012,อำเภอปากพนัง,นครศรีธรรมราช,12,80
8013,อำเภอร่อนพิบูลย์,นครศรีธรรมราช,13,80
8014,อำเภอสิชล,นครศรีธรรมราช,14,80
8015,อำเภอขนอม,นครศรีธรรมราช,15,80
8016,อำเภอหัวไทร,นครศรีธรรมราช,16,80
8017,อำเภอบางขัน,นครศรีธรรมราช,17,80
8018,อำเภอถ้ำพรรณรา,นครศรีธรรมราช,18,80
8019,อำเภอจุฬาภรณ์,นครศรีธรรมราช,19,80
8020,อำเภอพระพรหม,นครศรีธรรมราช,20,80
8021,อำเภอนบพิตำ,นครศรีธรรมราช,21,80
8022,อำเภอช้างกลาง,นครศรีธรรมราช,22,80
8023,อำเภอเฉลิมพระเกียรติ,นครศรีธรรมราช,23,80
8101,อำเภอเมืองกระบี่,กระบี่,01,81
8102,อำเภอเขาพนม,กระบี่,02,81
8103,อำเภอเกาะลันตา,กระบี่,03,81
8104,อำเภอคลองท่อม,กระบี่,04,81
8105,อำเภออ่าวลึก,กระบี่,05,81
8106,อำเภอปลายพระยา,กระบี่,06,81
8107,อำเภอลำทับ,กระบี่,07,81
8108,อำเภอเหนือคลอง,กระบี่,08,81
8201,อำเภอเมืองพังงา,พังงา,01,82
8202,อำเภอเกาะยาว,พังงา,02,82
8203,อำเภอกะปง,พังงา,03,82
8204,อำเภอตะกั่วทุ่ง,พังงา,04,82
8205,อำเภอตะกั่วป่า,พังงา,05,82
8206,อำเภอคุระบุรี,พังงา,06,82
8207,อำเภอทับปุด,พังงา,07,82
8208,อำเภอท้ายเหมือง,พังงา,08,82
8301,อำเภอเมืองภูเก็ต,ภูเก็ต,01,83
8302,อำเภอกะทู้,ภูเก็ต,02,83
8303,อำเภอถลาง,ภูเก็ต,03,83
8401,อำเภอเมืองสุราษฎร์ธานี,สุราษฎร์ธานี,01,84
8402,อำเภอกาญจนดิษฐ์,สุราษฎร์ธานี,02,84
8403,อำเภอดอนสัก,สุราษฎร์ธานี,03,84
8404,อำเภอเกาะสมุย,สุราษฎร์ธานี,04,84
8405,อำเภอเกาะพะงัน,สุราษฎร์ธานี,05,84
8406,อำเภอไชยา,สุราษฎร์ธานี,06,84
8407,อำเภอท่าชนะ,สุราษฎร์ธานี,07,84
8408,อำเภอคีรีรัฐนิคม,สุราษฎร์ธานี,08,84
8409,อำเภอบ้านตาขุน,สุราษฎร์ธานี,09,84
8410,อำเภอพนม,สุราษฎร์ธานี,10,84
8411,อำเภอท่าฉาง,สุราษฎร์ธานี,11,84
8412,อำเภอบ้านนาสาร,สุราษฎร์ธานี,12,84
8413,อำเภอบ้านนาเดิม,สุราษฎร์ธานี,13,84
8414,อำเภอเคียนซา,สุราษฎร์ธานี,14,84
8415,อำเภอเวียงสระ,สุราษฎร์ธานี,15,84
8416,อำเภอพระแสง,สุราษฎร์ธานี,16,84
8417,อำเภอพุนพิน,สุราษฎร์ธานี,17,84
8418,อำเภอชัยบุรี,สุราษฎร์ธานี,18,84
8419,อำเภอวิภาวดี,สุราษฎร์ธานี,19,84
8501,อำเภอเมืองระนอง,ระนอง,01,85
8502,อำเภอละอุ่น,ระนอง,02,85
8503,อำเภอกะเปอร์,ระนอง,03,85
8504,อำเภอกระบุรี,ระนอง,04,85
8505,อำเภอสุขสำราญ,ระนอง,05,85
8601,อำเภอเมืองชุมพร,ชุมพร,01,86
8602,อำเภอท่าแซะ,ชุมพร,02,86
8603,อำเภอปะทิว,ชุมพร,03,86
8604,อำเภอหลังสวน,ชุมพร,04,86
8605,อำเภอละแม,ชุมพร,05,86
8606,อำเภอพะโต๊ะ,ชุมพร,06,86
8607,อำเภอสวี,ชุมพร,07,86
8608,อำเภอทุ่งตะโก,ชุมพร,08,86
9001,อำเภอเมืองสงขลา,สงขลา,01,90
9002,อำเภอสทิงพระ,สงขลา,02,90
9003,อำเภอจะนะ,สงขลา,03,90
9004,อำเภอนาทวี,สงขลา,04,90
9005,อำเภอเทพา,สงขลา,05,90
9006,อำเภอสะบ้าย้อย,สงขลา,06,90
9007,อำเภอระโนด,สงขลา,07,90
9008,อำเภอกระแสสินธุ์,สงขลา,08,90
9009,อำเภอรัตภูมิ,สงขลา,09,90
9010,อำเภอสะเดา,สงขลา,10,90
9011,อำเภอหาดใหญ่,สงขลา,11,90
9012,อำเภอนาหม่อม,สงขลา,12,90
9013,อำเภอควนเนียง,สงขลา,13,90
9014,อำเภอบางกล่ำ,สงขลา,14,90
9015,อำเภอสิงหนคร,สงขลา,15,90
9016,อำเภอคลองหอยโข่ง,สงขลา,16,90
9101,อำเภอเมืองสตูล,สตูล,01,91
9102,อำเภอควนโดน,สตูล,02,91
9103,อำเภอควนกาหลง,สตูล,03,91
9104,อำเภอท่าแพ,สตูล,04,91
9105,อำเภอละงู,สตูล,05,91
9106,อำเภอทุ่งหว้า,สตูล,06,91
9107,อำเภอมะนัง,สตูล,07,91
9201,อำเภอเมืองตรัง,ตรัง,01,92
9202,อำเภอกันตัง,ตรัง,02,92
9203,อำเภอย่านตาขาว,ตรัง,03,92
9204,อำเภอปะเหลียน,ตรัง,04,92
9205,อำเภอสิเกา,ตรัง,05,92
9206,อำเภอห้วยยอด,ตรัง,06,92
9207,อำเภอวังวิเศษ,ตรัง,07,92
9208,อำเภอนาโยง,ตรัง,08,92
9209,อำเภอรัษฎา,ตรัง,09,92
9210,อำเภอหาดสำราญ,ตรัง,10,92
9301,อำเภอเมืองพัทลุง,พัทลุง,01,93
9302,อำเภอกงหรา,พัทลุง,02,93
9303,อำเภอเขาชัยสน,พัทลุง,03,93
9304,อำเภอตะโหมด,พัทลุง,04,93
9305,อำเภอควนขนุน,พัทลุง,05,93
9306,อำเภอปากพะยูน,พัทลุง,06,93
9307,อำเภอศรีบรรพต,พัทลุง,07,93
9308,อำเภอป่าบอน,พัทลุง,08,93
9309,อำเภอบางแก้ว,พัทลุง,09,93
9310,อำเภอป่าพะยอม,พัทลุง,10,93
9311,อำเภอศรีนครินทร์,พัทลุง,11,93
9401,อำเภอเมืองปัตตานี,ปัตตานี,01,94
9402,อำเภอโคกโพธิ์,ปัตตานี,02,94
9403,อำเภอหนองจิก,ปัตตานี,03,94
9404,อำเภอปะนาเระ,ปัตตานี,04,94
9405,อำเภอมายอ,ปัตตานี,05,94
9406,อำเภอทุ่งยางแดง,ปัตตานี,06,94
9407,อำเภอสายบุรี,ปัตตานี,07,94
9408,อำเภอไม้แก่น,ปัตตานี,08,94
9409,อำเภอยะหริ่ง,ปัตตานี,09,94
9410,อำเภอยะรัง,ปัตตานี,10,94
9411,อำเภอกะพ้อ,ปัตตานี,11,94
9412,อำเภอแม่ลาน,ปัตตานี,12,94
9501,อำเภอเมืองยะลา,ยะลา,01,95
9502,อำเภอเบตง,ยะลา,02,95
9503,อำเภอบันนังสตา,ยะลา,03,95
9504,อำเภอธารโต,ยะลา,04,95
9505,อำเภอยะหา,ยะลา,05,95
9506,อำเภอรามัน,ยะลา,06,95
9507,อำเภอกาบัง,ยะลา,07,95
9508,อำเภอกรงปินัง,ยะลา,08,95
9601,อำเภอเมืองนราธิวาส,นราธิวาส,01,96
9602,อำเภอตากใบ,นราธิวาส,02,96
9603,อำเภอบาเจาะ,นราธิวาส,03,96
9604,อำเภอยี่งอ,นราธิวาส,04,96
9605,อำเภอระแงะ,นราธิวาส,05,96
9606,อำเภอรือเสาะ,นราธิวาส,06,96
9607,อำเภอศรีสาคร,นราธิวาส,07,96
9608,อำเภอแว้ง,นราธิวาส,08,96
9609,อำเภอสุคิริน,นราธิวาส,09,96
9610,อำเภอสุไหงโก-ลก,นราธิวาส,10,96
9611,อำเภอสุไหงปาดี,นราธิวาส,11,96
9612,อำเภอจะแนะ,นราธิวาส,12,96
9613,อำเภอเจาะไอร้อง,นราธิวาส,13,96